# Header
5	000	000	004	015	016	016	012	000	000	000	000	000	035	156	144	141	109	007	000	000	000	000	054	224	093	085	064	004	000	000	000	000	054	216	083	063	017	000	000	000	000	000	044	208	223	240	168	020	001	000	000	000	009	016	009	060	255	079	001	000	000	000	000	000	000	009	214	101	001	000	000	000	067	071	051	106	249	058	001	000	000	000	114	156	149	181	119	009	001	000	000	000	006	019	031	019	001	000	000	000	
3	000	000	006	018	029	019	003	000	000	000	000	000	076	136	139	164	107	007	000	000	000	000	053	078	057	119	252	038	001	000	000	000	000	004	012	059	245	042	001	000	000	000	001	042	135	234	161	012	001	000	000	000	000	029	104	152	202	037	001	000	000	000	000	000	000	016	255	095	001	000	000	003	070	070	051	106	248	056	001	000	000	003	126	157	145	176	111	009	001	000	000	000	007	021	029	016	001	000	000	000	
7	000	000	007	013	015	015	013	008	001	000	000	000	054	122	130	131	155	073	001	000	000	000	031	072	077	102	255	074	001	000	000	000	000	000	000	098	198	021	001	000	000	000	000	000	011	187	106	004	000	000	000	000	000	000	064	203	056	000	000	000	000	000	000	007	139	170	013	000	000	000	000	000	000	033	189	097	000	000	000	000	000	000	000	041	122	020	000	000	000	000	000	000	000	005	011	001	000	000	000	000	
6	000	000	000	000	008	015	011	001	001	000	000	000	001	046	143	130	130	029	001	000	001	000	033	194	127	075	085	022	001	000	000	000	125	196	067	065	031	003	001	000	000	000	199	255	191	207	191	049	001	000	000	000	202	241	029	015	165	158	001	000	000	000	151	181	010	001	105	196	003	000	000	000	050	209	091	074	202	116	001	000	000	000	005	090	149	142	128	018	001	000	000	000	000	001	011	014	003	000	000	000	
1	000	000	000	017	031	024	004	000	000	000	000	000	062	172	213	152	021	000	000	000	000	000	095	183	242	223	030	000	000	000	000	000	011	031	180	223	030	000	000	000	000	000	000	015	177	223	030	000	000	000	000	000	000	015	177	223	030	000	000	000	000	000	000	015	177	223	030	000	000	000	000	000	023	089	219	255	106	043	001	000	000	000	066	197	224	229	209	109	001	000	000	000	012	032	035	035	034	017	001	000	
9	000	000	000	004	016	015	003	000	000	000	000	000	015	125	144	148	095	007	001	000	001	000	117	226	094	103	226	059	001	000	000	000	199	130	004	007	214	170	001	000	000	000	163	183	021	022	255	237	003	000	000	000	044	193	208	179	249	226	003	000	000	000	001	032	079	073	204	147	001	000	000	000	018	081	073	119	217	044	001	000	000	000	028	151	154	171	062	001	000	000	000	000	000	010	016	009	000	000	000	000	
5	000	000	003	009	009	009	009	001	001	000	000	000	030	142	142	141	126	023	001	000	000	000	054	255	107	094	085	013	001	000	000	000	054	250	081	058	019	000	000	000	000	000	040	196	205	201	156	028	001	000	000	000	007	015	007	025	195	136	001	000	000	000	001	000	000	005	157	193	003	000	000	000	052	079	062	095	221	102	001	000	000	000	078	149	134	160	113	013	001	000	000	000	003	011	015	011	001	000	000	000	
9	000	000	008	070	106	089	025	000	000	000	000	000	094	212	179	190	145	014	001	000	001	009	202	110	004	030	221	050	001	000	000	014	214	078	001	013	228	093	001	000	000	004	159	157	052	097	255	100	001	000	000	000	038	142	133	137	237	089	001	000	000	000	003	014	031	050	220	052	001	000	000	000	035	093	096	167	158	014	001	000	000	000	041	154	168	129	027	000	000	000	000	000	000	008	010	003	000	000	000	000	
8	000	000	003	050	114	122	085	013	001	000	000	000	031	218	217	202	240	119	003	000	000	000	062	255	026	004	123	227	004	000	000	000	041	233	089	066	179	151	003	000	000	000	018	174	251	226	254	076	001	000	000	000	085	242	066	029	151	201	010	000	000	000	145	217	013	001	082	251	022	000	000	000	076	248	123	098	193	191	009	000	000	000	007	104	182	180	157	032	001	000	000	000	000	000	009	012	003	000	000	000	
6	000	000	000	017	077	099	084	014	001	000	000	000	011	125	186	164	157	036	001	000	001	000	061	196	044	008	008	005	001	000	000	000	136	174	098	119	078	010	001	000	000	000	178	255	125	093	200	089	001	000	000	000	165	207	012	002	105	171	002	000	000	000	104	183	011	002	098	175	002	000	000	000	031	178	102	087	183	090	001	000	000	000	001	050	145	148	099	011	001	000	000	000	000	000	007	010	001	000	000	000	
8	000	000	000	011	028	026	009	000	000	000	000	000	022	154	143	138	149	022	002	000	000	000	115	233	069	068	255	092	002	000	000	000	123	204	031	029	226	095	002	000	000	000	038	243	192	189	235	035	002	000	000	000	108	215	134	134	221	094	002	000	000	000	204	138	005	006	174	204	003	000	000	000	163	221	074	077	233	143	002	000	000	000	028	163	161	166	164	026	002	000	000	000	000	006	023	023	006	000	000	000	
6	000	000	000	001	015	027	019	004	001	000	000	000	001	049	149	133	118	033	001	000	001	000	030	197	118	056	060	018	001	000	000	000	110	204	069	071	041	004	001	000	000	000	181	255	191	210	214	070	001	000	000	000	192	255	030	011	143	189	005	000	000	000	121	208	012	001	096	222	008	000	000	000	041	217	092	066	192	147	003	000	000	000	004	082	149	143	144	025	001	000	000	000	000	001	015	019	005	000	000	000	
3	000	000	003	018	031	026	009	000	000	000	000	000	031	141	141	161	152	022	002	000	000	000	018	080	055	086	255	114	002	000	000	000	000	002	012	035	227	117	002	000	000	000	000	022	124	214	244	038	002	000	000	000	000	015	094	132	220	111	002	000	000	000	002	000	000	005	138	212	003	000	000	000	054	088	074	098	237	141	002	000	000	000	080	169	169	187	155	025	002	000	000	000	002	014	022	018	005	000	000	000	
4	000	000	000	000	011	068	057	004	000	000	000	000	000	001	064	225	169	011	000	000	000	000	000	021	133	230	174	012	000	000	000	000	002	075	142	156	170	012	000	000	000	000	021	144	053	143	170	012	000	000	000	002	105	128	010	144	172	014	001	000	000	011	198	212	184	241	255	138	006	000	000	006	078	108	108	203	228	087	004	000	000	000	004	006	006	140	169	016	001	000	000	000	000	000	000	048	062	004	000	000	
8	000	000	000	005	015	014	005	000	000	000	000	000	018	138	146	146	131	015	002	000	000	000	114	235	096	099	255	074	002	000	000	000	137	185	018	024	226	083	002	000	000	000	044	241	176	194	228	032	002	000	000	000	100	217	162	165	209	058	002	000	000	005	220	137	006	008	168	150	002	000	000	002	178	184	050	055	228	131	002	000	000	000	033	173	144	146	170	032	002	000	000	000	000	014	033	029	011	000	000	000	
3	000	000	001	010	015	015	004	000	000	000	000	000	049	150	145	162	136	021	001	000	000	000	039	104	087	111	255	119	001	000	000	000	000	003	010	024	202	141	001	000	000	000	000	034	159	194	237	044	001	000	000	000	000	030	139	157	218	110	001	000	000	000	000	000	000	004	136	221	003	000	000	000	046	055	042	064	213	179	003	000	000	000	086	136	139	159	163	031	001	000	000	000	006	022	034	028	009	000	000	000	
1	000	000	000	001	008	010	001	000	000	000	000	000	014	125	170	125	018	000	000	000	000	000	020	121	207	231	034	000	000	000	000	000	001	006	121	225	034	000	000	000	000	000	000	000	120	225	034	000	000	000	000	000	000	000	120	225	034	000	000	000	000	000	000	000	120	225	034	000	000	000	000	000	004	056	165	255	093	030	001	000	000	000	010	123	166	190	147	068	001	000	000	000	000	014	015	015	015	008	001	000	
7	000	000	008	015	015	015	015	007	001	000	000	000	062	136	141	145	157	058	001	000	000	000	034	082	086	114	255	063	001	000	000	000	000	000	000	100	194	021	001	000	000	000	000	000	011	186	106	004	000	000	000	000	000	000	057	201	058	000	000	000	000	000	000	004	128	173	016	000	000	000	000	000	000	024	176	116	001	000	000	000	000	000	000	066	207	038	000	000	000	000	000	000	000	021	053	004	000	000	000	000	
2	000	000	000	008	015	013	001	000	000	000	000	000	051	132	136	145	085	006	001	000	000	000	057	100	079	112	206	039	001	000	000	000	004	002	000	013	206	068	001	000	000	000	000	000	000	061	204	038	001	000	000	000	000	000	039	170	119	007	001	000	000	000	000	036	157	126	017	000	000	000	000	000	029	158	139	026	010	005	001	000	000	000	126	255	178	166	153	051	001	000	000	000	044	074	075	075	069	023	001	000	
6	000	000	000	000	006	019	014	002	001	000	000	000	000	034	132	148	134	046	001	000	000	000	015	162	141	086	085	037	001	000	000	000	057	204	046	040	017	002	001	000	000	000	116	216	141	159	144	037	001	000	000	000	134	255	083	030	149	149	004	000	000	000	108	225	015	000	070	206	009	000	000	000	050	218	035	007	103	189	006	000	000	000	011	142	183	170	197	082	001	000	000	000	000	019	081	096	058	006	001	000	
6	000	000	000	006	038	063	038	003	001	000	000	000	009	115	178	190	159	016	001	000	001	000	078	226	084	037	056	006	001	000	000	003	200	156	084	084	037	001	001	000	000	007	246	255	209	214	214	037	001	000	000	007	246	203	015	016	212	124	001	000	000	003	212	134	004	006	178	159	001	000	000	000	093	221	080	087	243	084	001	000	000	000	013	136	162	167	133	015	001	000	000	000	000	004	021	021	004	000	000	000	
2	000	000	008	034	058	040	008	000	000	000	000	000	103	152	173	181	130	013	001	000	000	000	071	060	034	086	247	052	001	000	000	000	001	000	000	023	236	060	001	000	000	000	000	000	007	109	188	025	001	000	000	000	000	007	098	191	056	001	000	000	000	000	008	094	187	058	003	000	000	000	000	001	101	255	127	081	072	023	001	000	000	005	129	181	160	158	148	051	001	000	000	000	009	013	013	013	012	005	001	000	
8	000	000	000	019	061	061	020	000	000	000	000	000	025	172	197	192	176	031	002	000	000	000	115	247	052	046	255	126	002	000	000	000	099	233	039	036	231	105	002	000	000	000	031	239	211	212	242	036	002	000	000	000	109	222	134	129	222	110	002	000	000	000	208	143	005	003	148	222	003	000	000	000	159	231	082	077	233	168	002	000	000	000	025	172	173	168	172	031	002	000	000	000	000	009	024	024	008	000	000	000	
4	000	000	000	000	018	078	049	003	000	000	000	000	000	001	079	247	122	005	000	000	000	000	000	025	135	226	121	007	000	000	000	000	004	094	142	160	120	007	000	000	000	000	029	164	038	148	120	007	000	000	000	004	122	126	009	150	122	008	001	000	000	013	215	220	194	255	243	130	001	000	000	007	082	114	114	213	204	081	001	000	000	000	004	007	007	146	124	010	001	000	000	000	000	000	000	051	048	003	000	000	
1	000	000	000	003	013	012	002	000	000	000	000	000	025	159	204	124	012	000	000	000	000	000	030	144	238	215	018	000	000	000	000	000	002	005	142	209	018	000	000	000	000	000	000	000	141	209	018	000	000	000	000	000	000	000	141	209	018	000	000	000	000	000	000	000	141	209	018	000	000	000	000	000	008	068	194	255	091	026	002	000	000	000	022	149	195	217	167	065	002	000	000	000	003	017	018	018	018	010	002	000	
9	000	000	000	004	020	020	004	000	000	000	000	000	016	128	142	145	120	013	001	000	001	000	125	225	084	085	228	093	001	000	000	000	204	123	004	004	167	211	004	000	000	000	174	175	016	016	214	255	013	000	000	000	056	209	205	194	248	254	013	000	000	000	003	041	085	083	172	202	004	000	000	000	014	061	048	094	219	066	001	000	000	000	030	140	142	168	093	007	001	000	000	000	003	019	031	019	001	000	000	000	
5	000	000	014	036	040	040	035	002	000	000	000	000	067	201	204	201	181	032	001	000	000	000	086	255	129	091	081	021	001	000	000	000	086	252	129	075	030	001	000	000	000	000	076	226	226	239	206	052	001	000	000	000	026	056	045	075	232	155	002	000	000	000	005	001	000	010	191	180	002	000	000	000	076	081	064	110	245	141	001	000	000	000	115	211	212	220	171	041	001	000	000	000	017	044	052	046	021	001	000	000	
8	000	000	000	002	011	011	002	000	000	000	000	000	009	107	171	171	119	014	002	000	000	000	067	255	134	130	253	105	002	000	000	000	115	234	018	011	191	148	002	000	000	000	038	217	165	159	232	053	002	000	000	000	040	214	195	191	235	053	002	000	000	000	169	197	020	014	140	192	003	000	000	000	173	202	021	015	151	206	003	000	000	000	053	223	211	211	223	078	002	000	000	000	003	044	096	099	050	005	002	000	
7	000	000	014	022	023	023	022	014	001	000	000	000	099	174	179	179	174	101	001	000	000	000	081	140	143	168	255	120	001	000	000	000	006	009	014	125	221	032	001	000	000	000	000	000	034	198	167	012	000	000	000	000	000	000	076	232	087	002	000	000	000	000	000	013	152	208	034	000	000	000	000	000	000	035	218	144	011	000	000	000	000	000	002	085	218	066	000	000	000	000	000	000	001	030	051	012	000	000	000	000	
9	000	000	000	001	009	008	000	000	000	000	000	000	004	078	144	144	075	005	001	000	001	000	054	203	114	114	197	050	001	000	000	000	149	155	008	006	150	153	003	000	000	000	145	167	009	005	171	216	006	000	000	000	058	224	133	131	255	230	009	000	000	000	005	065	097	093	153	183	004	000	000	000	004	016	014	044	197	084	001	000	000	000	021	139	179	180	141	016	001	000	000	000	006	058	087	063	014	000	000	000	
2	001	000	001	004	009	009	004	001	000	000	000	001	010	088	148	148	079	009	001	000	001	005	117	218	146	154	214	104	004	000	000	009	157	122	015	032	201	189	009	000	000	001	022	015	028	139	255	140	006	000	001	001	006	056	181	255	151	022	001	000	000	004	083	229	198	083	020	001	000	000	000	011	201	244	083	046	040	012	001	000	000	011	192	251	207	205	190	065	002	000	000	004	049	071	071	071	066	024	001	000	
6	001	000	001	001	006	007	001	000	000	000	000	001	008	045	117	123	052	006	001	000	001	003	107	199	150	143	192	074	001	000	000	019	201	229	032	023	172	108	002	000	000	021	211	250	112	103	073	020	001	000	001	020	210	255	130	183	190	043	001	000	000	007	155	216	022	043	213	134	002	000	000	001	122	220	066	076	214	125	002	000	000	001	051	154	194	176	131	025	001	000	000	001	002	019	054	039	010	001	000	000	
9	000	001	003	009	010	006	001	000	000	000	001	004	056	136	146	127	050	004	000	000	004	070	223	184	123	175	193	025	000	000	005	113	242	078	013	100	230	034	000	000	003	056	202	177	127	180	234	034	000	000	001	010	079	158	197	255	238	034	000	000	004	078	151	049	031	120	232	034	000	000	004	079	238	150	072	158	207	027	000	000	001	012	084	133	128	157	075	005	000	000	000	000	003	010	013	012	003	001	000	000	
8	000	000	001	008	029	033	018	004	001	000	001	001	008	090	170	156	132	076	007	000	000	001	036	216	173	092	156	203	022	000	000	001	040	230	096	011	108	212	027	000	000	001	024	204	183	108	229	179	011	000	000	001	020	187	255	199	243	186	013	000	001	001	072	250	152	028	085	212	027	000	000	001	121	254	100	014	112	216	028	000	000	001	049	190	216	189	228	179	018	000	000	001	005	049	112	115	096	042	004	000	
5	001	001	003	007	008	008	007	003	001	000	000	003	073	131	136	136	123	029	001	000	001	010	178	253	138	124	113	028	001	000	000	008	153	232	046	018	011	003	001	000	000	009	169	255	163	139	105	033	001	000	001	003	068	128	130	140	217	139	006	000	000	003	072	130	021	018	180	181	008	000	000	008	162	231	050	050	205	177	008	000	000	002	068	172	174	188	216	094	003	000	000	001	007	032	075	073	050	008	001	000	
7	001	001	003	007	008	008	008	006	001	000	000	001	037	100	105	113	133	092	005	000	000	001	034	073	074	109	230	113	005	000	000	001	002	002	019	155	169	024	001	000	000	000	000	002	069	218	079	003	001	000	000	001	000	017	160	212	042	001	000	000	000	000	001	036	212	143	010	000	000	000	000	000	002	070	255	120	003	000	000	000	000	000	002	062	206	080	002	000	000	000	000	000	001	012	041	012	001	000	000	000	
6	001	000	001	001	003	002	000	000	000	000	000	001	006	032	091	086	055	008	001	000	001	002	073	184	150	110	185	045	001	000	000	010	178	237	044	034	184	087	003	000	000	011	193	243	073	081	063	019	001	000	001	011	193	255	138	157	159	033	001	000	000	011	193	242	052	039	174	137	006	000	000	009	160	234	051	043	189	149	007	000	000	002	041	149	159	166	158	045	001	000	000	001	002	022	056	056	023	004	001	000	
4	000	000	001	000	000	003	008	002	001	000	000	000	000	001	003	067	119	022	001	000	000	000	001	002	040	191	248	040	001	000	000	000	001	016	133	235	242	040	001	000	000	001	007	093	193	123	215	040	001	000	001	001	034	199	134	074	217	054	003	001	000	001	095	225	185	184	255	185	067	002	000	001	019	035	034	095	223	067	015	001	000	000	001	001	001	049	184	035	001	001	000	000	000	000	000	011	043	009	001	000	
2	001	000	001	006	010	012	008	001	000	000	000	001	018	115	132	129	123	023	001	000	001	001	108	240	109	100	238	129	003	000	000	001	097	163	017	019	223	168	003	000	000	001	006	013	045	132	232	109	001	000	001	001	010	100	208	223	114	014	001	000	000	001	054	246	186	050	008	001	000	000	000	001	137	255	091	056	053	027	001	000	000	001	083	160	122	115	111	059	001	000	000	001	006	013	013	013	013	008	001	000	
9	000	001	001	006	024	030	011	001	000	000	001	001	017	092	146	167	105	016	001	000	000	005	111	220	132	135	215	106	004	000	000	010	181	167	016	017	179	175	008	000	000	010	171	197	051	058	210	179	008	000	000	003	055	155	178	186	255	180	008	000	001	003	039	058	031	046	212	179	008	000	000	009	138	179	028	029	199	168	008	000	000	003	101	228	152	162	199	076	003	000	000	001	020	091	096	099	064	009	001	000	
1	001	001	012	042	044	020	001	000	000	000	000	001	042	143	213	095	002	000	000	000	000	001	015	063	232	123	004	000	000	000	000	001	001	034	213	123	004	000	000	000	000	000	000	034	213	123	004	000	000	000	001	001	000	034	213	123	004	000	000	000	000	001	002	040	220	130	012	002	001	000	000	001	023	116	255	191	105	022	001	000	000	001	026	099	112	112	101	023	001	000	000	001	001	001	001	001	001	001	001	000	
1	000	001	010	040	087	068	011	000	000	000	000	001	033	110	228	202	029	000	000	000	000	001	008	024	144	206	030	000	000	000	000	000	001	005	130	206	030	000	000	000	000	000	000	005	130	206	030	000	000	000	001	001	000	005	130	206	030	000	000	000	000	001	001	008	132	210	034	002	001	000	000	001	018	101	195	255	131	046	002	000	000	001	035	149	172	174	163	070	002	000	000	001	006	012	012	012	012	005	001	000	
6	000	000	001	017	045	042	011	002	000	000	000	001	019	127	198	173	121	030	001	000	000	002	087	223	125	085	205	115	005	000	001	003	111	194	045	033	140	077	003	000	000	003	111	255	179	148	113	025	001	000	000	003	111	229	138	133	209	124	005	000	000	003	111	181	027	033	201	187	010	000	000	003	092	221	126	099	204	121	005	000	000	001	023	119	147	129	098	016	001	000	000	000	001	006	011	011	005	001	000	000	
5	001	001	001	001	001	001	002	004	001	000	000	001	023	085	095	095	096	030	001	000	001	001	072	239	209	164	100	025	001	000	000	001	083	238	082	045	016	004	001	000	000	001	077	249	197	180	130	028	001	000	001	001	031	109	121	142	255	136	005	000	000	001	034	059	012	035	248	201	008	000	000	005	112	229	059	065	251	165	007	000	000	001	029	155	168	174	167	043	001	000	000	001	001	020	053	054	022	004	001	000	
3	001	001	002	022	047	045	015	002	001	000	000	001	031	156	217	212	144	039	001	000	001	001	106	237	125	119	236	130	002	000	000	001	111	181	025	045	213	137	002	000	000	001	022	034	066	196	252	057	001	000	001	001	001	007	070	200	255	083	001	000	000	001	041	070	013	039	207	144	002	000	000	001	122	206	034	026	202	144	002	000	000	001	086	234	185	173	229	079	001	000	000	001	014	082	156	129	073	013	001	000	
8	001	001	001	016	041	042	039	011	001	000	000	001	021	130	189	183	193	100	004	000	001	001	063	227	161	083	200	173	007	000	000	001	066	227	152	065	194	162	007	000	000	001	037	218	255	247	251	134	005	000	001	001	055	224	191	125	203	187	026	000	000	001	069	228	136	033	172	194	029	000	000	001	040	209	219	193	228	121	006	000	000	001	007	083	143	152	111	022	001	000	000	000	001	002	010	013	005	001	001	000	
1	001	001	006	009	009	006	001	000	000	000	000	003	077	129	123	057	004	000	000	000	000	003	066	140	250	128	008	000	000	000	000	001	004	059	249	139	010	000	000	000	000	000	001	055	249	139	010	000	000	000	001	001	001	055	249	139	010	000	000	000	000	001	003	058	249	139	012	001	001	000	000	002	057	128	255	167	082	017	001	000	000	004	132	200	150	132	122	024	001	000	000	001	031	040	012	010	009	003	001	000	
3	001	001	001	009	011	011	005	001	000	000	000	002	040	132	149	148	083	007	001	000	001	008	161	232	131	207	219	036	001	000	000	010	165	129	029	162	237	044	001	000	000	003	026	038	127	239	206	020	001	000	001	001	007	017	098	222	237	039	001	000	000	020	141	091	014	155	255	054	001	000	000	032	203	200	103	194	217	034	001	000	000	005	090	159	167	148	082	006	001	000	000	001	005	011	020	009	003	001	000	000	
5	001	001	012	057	065	065	059	014	001	000	000	001	082	231	213	207	191	064	001	000	001	001	136	235	078	058	055	026	001	000	000	001	131	255	138	071	052	007	001	000	000	001	070	173	176	190	221	081	001	000	001	001	026	046	017	030	213	159	002	000	000	007	142	192	028	023	208	154	002	000	000	001	109	237	162	152	209	081	001	000	000	001	016	094	159	160	070	007	001	000	000	000	001	002	008	010	004	001	000	000	
3	001	000	001	005	028	053	020	001	000	000	000	001	007	088	184	241	156	057	002	000	001	001	038	220	202	137	240	172	007	000	000	001	065	184	057	035	192	175	007	000	000	001	016	028	056	174	255	114	005	000	001	001	002	007	053	155	245	169	015	000	000	001	044	140	032	022	182	229	049	000	000	001	063	228	158	104	231	165	015	000	000	001	014	108	189	239	165	032	001	000	000	000	001	006	031	059	022	001	001	000	
2	001	001	004	043	092	097	068	011	001	000	000	002	050	176	209	214	220	058	002	000	001	009	153	221	066	075	225	148	006	000	000	007	081	069	014	087	236	152	006	000	000	001	005	013	066	189	216	047	001	000	001	001	020	106	211	182	085	010	001	000	000	001	076	222	172	043	007	002	001	000	000	009	161	234	074	064	090	061	003	000	000	011	184	255	163	152	184	123	005	000	000	004	062	087	061	031	030	019	001	000	
9	000	001	007	042	054	038	010	001	000	000	000	004	091	210	219	204	125	012	001	000	000	027	197	204	075	173	237	045	001	000	000	054	225	159	019	147	249	055	001	000	000	011	158	238	179	229	255	055	001	000	000	003	048	143	161	225	255	055	001	000	000	009	134	094	010	144	249	055	001	000	000	010	180	205	074	171	220	042	001	000	000	003	072	166	206	189	068	004	001	000	000	001	002	016	038	027	004	001	000	000	
8	000	001	004	039	093	070	021	002	001	000	000	002	058	189	181	182	167	032	001	000	000	005	156	206	039	056	229	097	001	000	000	004	116	204	036	029	218	088	001	000	000	001	035	223	192	170	234	041	001	000	000	001	069	249	175	149	244	063	001	000	000	005	163	232	039	026	223	107	001	000	000	005	158	255	095	064	234	104	001	000	000	001	037	169	172	161	181	055	001	000	000	001	002	015	023	023	019	004	001	000	
4	000	000	001	000	002	021	061	037	001	000	000	000	001	001	035	142	213	098	001	000	001	000	001	011	119	252	250	101	001	000	000	001	006	081	220	244	248	101	001	000	000	001	053	199	164	141	237	101	001	000	001	008	147	251	190	189	251	148	025	001	000	010	151	218	211	234	255	155	026	001	000	002	018	025	026	129	237	105	003	001	000	001	001	001	001	062	126	056	001	000	000	000	000	000	001	004	007	004	001	000	
6	000	001	004	035	067	090	051	008	001	000	001	001	031	172	191	178	192	065	002	000	000	003	106	225	086	029	197	160	011	000	000	004	158	229	057	025	091	090	008	000	000	004	158	255	206	192	140	034	002	000	000	004	158	242	117	088	211	142	010	000	000	004	139	223	042	018	192	197	015	000	000	002	068	208	096	033	182	154	010	000	000	001	013	104	151	117	157	055	002	000	000	000	001	012	036	038	032	006	001	000	
2	000	001	001	010	047	061	023	003	001	000	000	001	013	117	232	247	201	095	009	000	000	001	063	240	237	199	245	221	050	000	000	001	063	194	077	038	198	225	052	000	000	001	009	033	082	185	255	148	011	000	000	001	010	114	244	253	137	022	001	000	000	001	045	230	231	087	020	008	003	000	000	001	076	255	255	202	193	156	039	000	000	001	055	179	198	198	191	114	020	000	000	001	004	010	010	010	010	003	001	000	
8	000	000	001	010	039	041	027	002	000	000	001	001	007	095	191	195	159	037	001	000	000	001	045	207	198	130	215	095	003	000	000	002	073	230	154	035	180	103	003	000	000	001	025	188	211	136	223	080	002	000	001	001	033	196	253	247	232	078	003	000	000	002	088	243	184	158	238	179	016	000	000	002	085	240	165	081	209	176	015	000	000	001	030	184	234	216	225	085	003	000	000	000	003	061	142	120	063	018	001	000	
7	000	001	044	099	105	107	100	041	001	000	000	003	082	179	194	241	253	088	003	000	000	001	009	014	037	189	201	028	001	000	000	000	001	002	077	238	110	006	001	000	000	001	001	015	151	230	054	001	000	000	000	000	001	035	213	178	024	001	000	000	000	000	002	065	248	124	005	000	000	000	000	000	003	082	255	102	002	000	000	000	000	000	002	062	159	041	001	000	000	000	000	000	001	012	027	005	000	000	000	000	
1	000	001	014	087	102	094	025	001	000	000	000	001	020	158	222	247	060	001	000	000	000	001	002	018	136	255	062	001	000	000	000	000	000	008	129	254	062	001	000	000	000	000	000	004	098	233	062	001	000	000	000	000	000	001	071	215	062	001	000	000	001	000	001	002	076	218	062	002	001	000	000	001	011	091	168	251	139	053	001	000	000	001	012	098	150	200	176	088	002	000	000	001	002	012	023	039	037	020	001	000	
3	000	001	005	052	100	102	091	024	001	000	001	001	026	180	196	190	237	113	005	000	000	001	042	207	052	031	223	197	014	000	000	001	022	093	034	087	237	160	010	000	000	001	003	009	058	191	255	125	004	000	000	001	015	040	020	059	223	192	013	000	000	002	063	197	051	011	145	200	015	000	000	001	031	199	163	109	169	184	013	000	000	001	007	082	155	179	133	071	004	000	000	000	001	007	025	038	018	004	001	000	
5	000	001	024	103	116	116	109	049	001	000	001	001	046	255	224	209	195	076	001	000	000	001	047	236	068	016	015	007	001	000	000	001	046	255	183	109	092	021	001	000	000	001	021	097	097	088	226	154	010	000	000	001	011	042	012	024	221	226	017	000	000	001	042	192	032	005	124	223	017	000	000	001	041	235	112	065	187	208	015	000	000	001	015	122	177	160	192	088	005	000	000	000	001	014	042	045	037	007	001	000	
1	000	001	002	007	021	046	016	001	000	000	000	001	025	152	192	208	065	003	000	000	000	001	019	143	223	238	059	001	000	000	000	000	001	017	138	237	057	001	000	000	000	000	000	010	129	237	057	001	000	000	000	001	000	010	129	237	057	001	000	000	000	001	001	016	137	242	079	009	002	000	000	001	018	138	221	255	212	139	021	000	000	001	025	155	180	180	179	128	014	000	000	001	003	008	009	009	009	006	001	000	
6	001	000	001	010	046	056	044	010	001	000	000	001	010	099	201	204	199	104	008	000	001	001	060	225	169	071	188	219	043	000	000	001	078	247	139	020	137	162	024	000	000	001	078	255	213	157	168	087	005	000	001	001	078	254	212	144	222	194	023	000	000	001	077	246	138	014	162	226	051	000	000	001	056	236	175	081	190	182	020	000	000	001	012	133	219	237	187	068	002	000	000	001	001	015	051	073	035	005	001	000	
2	001	001	004	039	064	062	021	001	000	000	000	001	053	182	168	197	144	018	001	000	001	001	125	223	039	098	248	096	001	000	000	001	084	140	015	081	255	140	002	000	000	001	005	015	059	186	191	041	001	000	001	001	015	117	214	180	044	002	001	000	000	001	100	225	097	030	002	001	000	000	000	001	136	237	079	062	058	030	001	000	000	001	110	212	129	119	118	078	001	000	000	001	022	041	012	010	011	015	001	000	
4	000	000	000	000	002	036	016	000	000	000	000	000	000	000	064	189	075	000	000	000	000	000	000	043	175	237	091	000	000	000	000	000	025	147	145	204	091	000	000	000	000	002	106	155	047	191	091	000	000	000	001	051	169	071	018	191	092	001	001	000	027	167	164	095	097	212	145	056	002	000	044	188	210	206	210	255	227	122	004	000	010	034	036	036	051	198	112	026	001	000	000	000	000	000	011	130	063	000	000	000	
5	000	000	000	000	000	000	000	000	000	000	000	002	060	116	113	113	087	011	000	000	000	013	173	137	092	092	072	010	000	000	000	023	212	051	015	011	002	000	000	000	000	023	255	163	147	160	098	005	000	000	000	010	118	093	036	087	211	090	002	000	000	005	015	002	000	007	178	154	005	000	000	028	172	060	021	046	186	087	002	000	000	005	114	219	180	204	139	010	002	000	000	000	002	018	026	013	002	000	000	000	
8	000	000	025	054	055	036	008	000	000	000	001	055	178	219	221	197	085	005	000	000	021	193	192	079	079	181	203	028	000	000	030	218	169	029	030	152	225	036	000	000	015	135	255	206	203	237	114	009	000	000	017	151	227	160	168	221	143	015	000	000	057	235	090	009	012	098	233	040	000	000	062	246	083	001	001	094	240	042	000	000	034	203	229	144	145	217	166	018	000	000	007	042	135	198	202	140	025	000	000	000	
7	000	003	045	053	053	053	053	036	004	000	000	016	190	231	231	231	255	172	012	000	000	001	020	024	024	063	220	125	007	000	000	000	000	000	003	147	183	016	000	000	000	000	000	001	072	227	071	000	000	000	000	000	000	009	164	168	009	000	000	000	000	000	000	036	228	081	000	000	000	000	000	000	000	075	247	048	000	000	000	000	000	000	000	049	160	029	000	000	000	000	000	000	000	000	000	000	000	000	000	000	
2	000	000	000	005	019	021	007	000	000	000	000	000	037	176	225	231	211	054	002	000	000	003	134	148	033	035	171	206	010	000	000	000	017	009	000	002	126	192	009	000	000	000	000	000	005	068	204	082	002	000	000	000	000	014	127	204	063	002	000	000	000	000	026	150	108	033	000	000	000	000	000	012	204	222	068	059	059	045	003	000	000	021	217	255	241	241	241	182	009	000	000	000	002	002	002	002	002	000	002	000	
1	000	000	007	035	119	125	005	000	000	000	000	012	087	159	203	199	010	000	000	000	000	025	120	099	095	182	010	000	000	000	000	003	015	009	067	179	010	000	000	000	000	000	000	001	067	179	010	000	000	000	000	000	000	001	067	179	010	000	000	000	000	000	000	001	067	179	010	000	000	000	000	008	027	032	095	196	044	030	011	000	000	049	169	193	219	255	203	189	088	008	000	018	062	070	070	070	070	069	035	004	
3	000	013	065	162	185	148	041	004	000	000	001	083	224	191	165	222	198	030	000	000	014	119	142	025	003	077	241	087	003	000	004	019	014	013	039	129	219	052	001	000	000	000	000	080	211	255	146	019	000	000	001	001	001	041	108	170	207	069	003	000	018	090	067	001	001	053	237	109	004	000	020	181	196	052	035	089	237	092	003	000	001	082	222	219	215	234	158	020	001	000	000	010	044	069	078	065	019	000	000	000	
4	000	000	000	000	000	010	043	005	000	000	000	000	000	000	001	096	186	020	000	000	000	000	000	000	040	131	190	021	000	000	000	000	000	011	093	072	168	021	000	000	000	000	002	074	099	027	167	021	000	000	001	000	032	107	021	022	167	022	001	000	000	005	107	116	056	074	204	077	011	000	000	010	136	184	180	190	255	179	029	000	000	000	002	002	002	025	167	023	001	000	000	000	000	000	000	007	067	011	000	000	
3	000	000	008	045	076	076	045	007	000	000	000	003	086	220	232	242	219	056	001	000	000	012	177	175	053	062	214	163	009	000	000	001	029	020	013	035	189	169	011	000	000	000	000	011	137	215	219	054	001	000	001	000	000	012	151	214	207	093	007	000	000	001	024	009	017	033	174	194	013	000	000	017	202	105	004	023	170	199	013	000	000	011	177	255	158	186	244	120	007	000	000	001	033	120	193	195	114	013	000	000	
2	000	000	000	027	078	111	057	011	000	000	000	000	026	158	195	198	208	099	006	000	000	000	062	170	049	033	116	199	018	000	000	000	010	022	001	001	089	188	017	000	000	000	000	000	000	046	175	117	007	000	000	000	000	003	063	175	130	018	001	000	000	000	003	063	172	127	021	000	000	000	000	001	054	189	108	031	024	020	002	000	000	008	145	255	192	184	184	155	013	000	000	002	060	121	121	121	121	103	010	000	
1	000	000	000	005	039	057	011	000	000	000	000	000	026	091	184	223	048	000	000	000	000	000	069	152	102	185	051	000	000	000	000	000	011	021	036	168	051	000	000	000	000	000	000	000	034	168	051	000	000	000	000	000	000	000	034	168	051	000	000	000	000	000	000	000	034	168	051	000	000	000	000	000	014	023	057	183	075	023	011	000	000	000	107	184	203	255	214	185	085	000	000	000	072	121	123	124	123	122	056	000	
6	000	000	002	035	104	113	052	007	000	000	000	000	024	182	216	213	211	088	002	000	000	002	114	173	055	045	113	107	005	000	000	014	195	153	123	154	124	042	001	000	000	056	236	198	160	164	229	144	006	000	000	066	255	151	012	009	127	213	010	000	000	019	209	122	000	000	097	223	011	000	000	005	162	169	040	032	137	208	010	000	000	001	058	194	208	206	223	101	004	000	000	000	002	036	109	132	078	009	000	000	
7	006	066	125	125	125	125	125	093	010	000	013	119	212	212	212	213	255	206	020	000	000	013	032	032	034	090	213	120	001	000	000	000	000	000	030	176	168	023	001	000	000	000	000	005	101	215	078	002	000	000	000	000	000	025	183	143	012	000	000	000	000	000	000	057	217	069	000	000	000	000	000	000	006	143	201	028	000	000	000	000	000	000	007	159	173	000	000	000	000	000	000	000	001	049	073	000	000	000	000	000	
4	000	000	000	000	021	058	023	000	000	000	000	000	000	012	131	250	094	000	000	000	000	000	001	073	195	243	098	000	000	000	000	000	036	170	129	213	098	000	000	000	000	020	144	149	041	205	098	000	000	000	012	110	182	044	021	206	100	002	001	000	041	204	199	149	157	250	195	089	004	000	033	141	157	156	164	255	201	093	004	000	001	000	001	001	018	201	097	000	001	000	000	000	000	000	007	095	045	000	000	000	
7	000	002	016	020	020	020	020	014	002	000	000	018	139	166	166	166	184	174	009	000	000	009	080	098	098	101	228	199	009	000	000	000	000	000	000	056	204	058	002	000	000	000	000	000	013	165	145	005	002	000	000	000	000	000	058	233	029	000	000	000	000	000	000	002	163	118	002	000	000	000	000	000	000	022	255	067	000	000	000	000	000	000	000	045	233	036	000	000	000	000	000	000	000	031	128	018	000	000	000	000	
2	001	000	000	014	046	047	017	000	000	000	000	001	054	175	224	229	194	069	003	000	000	005	174	197	076	075	216	208	009	000	000	001	064	042	000	000	133	225	010	000	000	000	000	000	005	048	216	144	005	000	000	000	000	012	110	222	145	026	001	000	000	000	014	132	200	103	014	000	000	000	000	012	150	229	089	034	031	025	001	000	000	056	245	255	218	217	216	174	008	000	000	018	067	076	076	076	076	060	003	000	
6	000	000	000	024	102	170	118	017	000	000	000	000	011	156	242	228	242	125	007	000	000	000	062	221	080	039	092	120	010	000	000	000	111	223	133	179	154	056	003	000	000	008	178	254	195	168	248	178	013	000	000	011	199	255	042	003	104	240	024	000	000	001	123	227	017	000	070	248	025	000	000	000	080	238	064	025	113	237	022	000	000	000	021	174	237	219	252	139	008	000	000	000	000	025	102	170	118	017	000	000	
3	000	000	022	089	159	163	095	011	000	000	000	004	135	240	226	230	252	108	004	000	000	034	180	124	033	036	168	230	011	000	000	008	028	011	017	048	181	205	009	000	000	000	000	013	149	237	246	108	004	000	000	000	000	015	103	152	213	169	008	000	000	011	066	011	000	007	127	242	012	000	000	052	239	122	028	028	143	238	011	000	000	005	165	255	213	218	247	132	005	000	000	000	025	096	159	163	095	011	000	000	
4	000	000	000	000	000	032	063	007	000	000	000	000	000	000	016	170	199	022	000	000	000	000	000	003	099	162	178	022	000	000	000	000	000	047	107	081	165	022	000	000	000	000	025	130	056	062	165	022	000	000	000	007	101	092	007	060	166	023	001	000	000	038	185	085	071	123	234	090	015	000	000	037	130	136	136	175	255	138	021	000	000	000	000	000	000	060	163	023	001	000	000	000	000	000	000	019	055	007	000	000	
9	000	000	045	133	150	100	016	000	000	000	001	045	188	209	204	214	123	012	000	000	018	166	199	044	027	100	217	044	001	000	028	206	146	004	000	040	226	099	002	000	016	161	207	051	032	093	255	107	004	000	001	068	204	220	198	189	254	107	004	000	000	016	055	120	116	089	226	098	002	000	000	067	127	041	035	138	215	039	001	000	000	074	226	209	198	215	117	010	000	000	000	011	063	145	149	095	013	000	000	000	
1	000	000	000	030	123	128	005	000	000	000	000	017	092	177	234	230	011	000	000	000	000	029	131	099	108	210	011	000	000	000	000	000	004	004	081	207	011	000	000	000	000	000	000	001	081	207	011	000	000	000	000	000	000	001	081	207	011	000	000	000	000	000	001	004	082	209	013	001	001	000	000	028	091	102	160	255	120	099	044	004	000	058	201	227	231	237	229	222	107	011	000	009	030	033	033	033	033	033	013	000	
3	000	000	009	062	170	192	136	031	003	000	000	000	061	232	199	175	243	166	012	000	000	004	102	153	028	004	113	233	022	000	000	000	017	017	021	045	163	197	017	000	000	000	000	006	119	232	255	114	008	000	000	000	001	004	060	116	192	190	017	000	000	005	083	050	001	001	084	238	025	000	000	008	158	208	054	038	122	230	022	000	000	000	058	230	228	225	242	129	008	000	000	000	006	044	074	080	061	013	000	000	
6	000	000	007	058	171	191	109	012	000	000	000	000	046	217	201	177	231	071	000	000	000	005	139	186	039	017	090	050	000	000	000	013	192	177	170	212	132	017	000	000	000	020	242	224	145	150	238	116	005	000	000	020	255	166	008	007	158	195	013	000	000	013	207	160	007	005	149	203	014	000	000	007	145	209	056	051	187	169	010	000	000	000	033	190	228	238	229	061	001	000	000	000	000	030	073	080	048	007	000	000	
1	000	000	015	070	185	154	020	000	000	000	000	000	117	186	203	175	022	000	000	000	000	000	071	046	100	163	022	000	000	000	000	000	001	000	090	161	022	000	000	000	000	000	000	000	090	161	022	000	000	000	000	000	000	000	090	161	022	000	000	000	000	001	005	006	096	171	031	005	002	000	000	039	154	186	224	255	196	159	048	000	000	023	089	105	106	107	105	091	030	000	000	000	000	000	000	000	000	000	000	000	
5	000	003	098	167	152	152	119	016	000	000	000	016	186	111	064	064	050	006	000	000	000	022	210	053	026	018	003	000	000	000	000	022	255	176	146	168	114	006	000	000	000	008	114	091	038	085	208	088	002	000	000	003	013	002	000	006	176	152	005	000	000	027	148	035	006	024	178	098	002	000	000	011	152	229	168	212	173	019	002	000	000	000	008	043	053	035	011	000	000	000	000	000	000	000	000	000	000	000	000	000	
8	001	023	130	210	227	203	093	008	000	000	000	110	232	120	101	146	230	070	003	000	000	135	222	033	020	073	250	100	003	000	000	057	230	228	206	231	173	024	001	000	003	093	228	146	105	186	210	044	001	000	028	212	162	012	000	050	244	110	003	000	028	210	191	036	007	054	255	113	004	000	005	094	238	219	201	218	186	037	001	000	000	004	049	094	112	089	025	000	000	000	000	000	000	000	000	000	000	000	000	000	
6	000	000	047	178	221	192	076	005	000	000	000	024	182	207	150	186	190	029	000	000	000	094	214	048	026	051	090	018	000	000	001	137	190	139	209	195	060	000	000	000	022	203	255	166	145	204	204	037	001	000	026	213	228	029	013	059	239	103	003	000	001	146	207	008	000	038	239	114	004	000	000	110	230	052	003	072	239	085	003	000	000	031	184	213	167	225	205	033	000	000	000	000	044	160	201	178	071	005	000	000	
6	001	000	056	188	230	202	085	007	000	000	000	033	202	190	121	183	203	032	000	000	000	105	210	049	036	051	051	008	000	000	011	164	216	187	226	234	119	011	000	000	029	222	255	119	076	158	235	052	001	000	023	200	224	013	000	045	244	111	003	000	001	138	214	011	000	041	244	116	004	000	000	072	235	130	051	146	238	059	001	000	000	004	089	219	239	234	121	012	000	000	000	000	003	037	057	044	009	000	000	000	
9	001	000	013	094	140	142	072	006	001	000	000	004	122	195	108	113	198	072	001	000	000	025	236	060	000	001	105	164	009	000	000	027	240	040	000	000	063	226	013	000	000	007	150	165	047	041	158	255	013	000	000	000	028	149	239	184	100	226	013	000	000	000	010	013	013	009	111	159	007	000	000	003	116	161	050	065	203	084	001	000	000	000	044	190	190	187	097	010	001	000	000	000	000	010	022	018	001	000	000	000	
5	006	119	219	222	222	221	139	015	000	000	027	201	193	113	111	111	068	006	000	000	031	219	138	019	019	009	000	000	000	000	031	222	210	184	200	144	029	000	000	000	027	193	215	147	157	221	173	022	000	000	004	022	022	009	010	085	252	061	001	000	024	089	023	000	001	071	255	073	001	000	036	203	163	046	079	177	191	024	000	000	003	073	205	229	224	186	055	000	000	000	000	000	031	055	050	020	000	000	000	000	
7	000	002	048	073	054	046	048	033	004	000	000	004	122	191	170	182	219	158	015	000	000	000	019	038	045	152	241	114	006	000	000	000	000	001	058	209	184	025	001	000	000	000	000	013	142	242	071	002	000	000	001	001	000	038	218	175	023	000	001	001	003	000	003	068	255	127	005	000	002	002	001	000	003	094	249	105	001	001	004	001	000	000	002	064	134	048	000	000	002	002	000	000	000	005	011	003	000	000	002	005	
8	000	000	000	009	027	026	009	000	000	000	000	000	029	115	175	167	114	027	001	000	000	001	135	247	157	143	237	138	005	000	000	002	184	237	028	010	206	206	012	000	000	000	111	241	113	072	231	183	008	000	000	000	060	245	236	221	255	104	003	000	000	005	168	250	091	055	212	187	012	000	002	009	195	240	028	006	174	212	025	000	002	002	124	246	150	116	229	191	014	000	001	000	024	104	177	195	141	058	002	000	
9	000	000	000	003	016	023	007	000	000	000	001	000	005	079	142	161	102	018	001	001	001	000	046	226	168	152	240	094	003	002	001	000	087	255	040	017	197	140	007	001	000	000	073	246	063	024	180	142	007	000	000	000	022	184	216	160	252	142	007	000	000	000	009	057	121	142	241	142	007	000	000	000	050	166	033	011	174	146	008	000	000	000	042	222	112	046	221	132	006	000	000	000	007	146	249	234	218	048	001	000	
2	000	000	000	011	035	040	024	005	001	000	000	000	009	099	213	213	167	057	003	000	000	000	049	220	155	073	190	195	027	000	000	000	096	206	044	008	115	228	059	000	000	000	036	065	013	020	166	217	041	000	000	000	003	011	035	133	240	162	011	000	000	000	005	063	186	242	165	039	001	000	000	000	036	217	228	116	027	002	001	000	000	000	113	244	110	024	008	007	003	000	000	000	167	255	109	066	052	048	019	000	
5	000	001	055	082	081	079	065	017	001	000	000	005	175	255	200	189	177	053	001	000	000	006	192	199	043	027	030	011	001	000	000	006	183	229	109	085	050	007	001	002	000	002	090	165	162	192	233	079	002	005	000	001	033	025	005	035	212	173	008	002	000	006	165	159	019	022	193	180	009	002	000	002	115	232	138	136	248	127	005	001	000	000	015	106	159	159	123	027	001	000	000	000	000	002	010	010	002	000	000	000	
1	000	000	008	012	012	008	001	000	000	000	002	000	073	144	153	094	010	000	000	000	002	000	049	127	241	180	020	000	000	000	000	000	001	024	185	180	020	000	000	000	000	000	000	021	184	180	020	000	000	000	000	000	000	020	177	186	022	000	000	000	000	000	000	019	177	184	022	000	000	000	000	001	013	057	200	206	047	012	001	000	000	000	056	184	255	252	180	099	001	000	000	000	017	055	065	065	066	044	001	000	
3	000	000	002	016	040	040	018	001	001	000	000	000	016	125	207	199	145	056	002	000	000	000	095	241	143	121	239	180	010	000	001	000	117	177	019	010	199	209	015	000	001	002	025	035	050	136	238	154	006	000	001	000	002	003	079	216	255	115	006	001	000	002	072	089	009	023	188	209	025	003	000	002	181	239	030	008	166	216	029	001	000	000	086	238	190	176	244	182	017	000	000	000	009	077	140	162	118	049	002	000	
2	000	000	004	008	003	004	018	007	004	000	000	000	015	037	060	077	048	010	001	000	000	000	016	135	202	212	200	113	009	000	000	000	055	227	134	073	159	214	038	000	000	000	057	167	041	008	111	226	060	000	000	000	008	022	019	068	223	197	026	000	000	000	001	036	144	235	204	068	002	000	000	000	021	168	238	151	046	003	001	000	000	000	082	237	123	021	007	006	003	001	000	000	106	255	214	182	182	148	031	001	
8	000	000	000	006	027	039	021	003	001	000	000	001	011	095	170	204	158	072	003	000	000	000	067	230	179	143	224	197	018	000	000	000	122	229	045	007	153	211	028	000	000	000	100	224	062	030	182	201	019	000	000	000	031	212	234	218	255	135	004	000	000	000	065	228	195	165	231	174	017	000	000	000	156	238	048	007	125	215	038	000	000	000	167	238	038	011	146	211	031	000	000	000	078	247	207	177	245	179	012	000	
9	000	000	000	017	049	057	037	006	001	000	000	000	020	140	208	214	191	081	003	000	001	000	062	253	125	070	199	212	017	000	001	001	072	243	069	002	147	240	026	000	000	000	042	225	176	076	178	245	032	000	000	000	010	095	199	210	247	247	036	000	000	000	031	115	049	021	140	237	036	000	000	000	053	255	100	013	136	234	029	000	000	000	018	162	208	183	230	160	011	000	000	000	001	029	094	120	088	030	001	000	
2	000	000	000	001	007	011	005	000	000	000	000	000	005	067	120	129	105	033	001	000	000	000	046	222	216	161	220	157	017	000	001	000	109	241	080	008	112	231	054	000	004	001	035	067	018	022	163	231	052	000	001	000	001	015	070	183	255	158	011	000	000	000	013	131	253	215	125	021	001	000	000	000	060	247	161	035	002	001	001	000	000	000	102	250	137	079	079	068	021	001	000	000	100	218	211	201	223	229	083	001	
3	000	000	000	000	000	000	000	000	001	002	000	000	009	054	086	079	027	001	003	002	000	005	110	207	185	218	167	031	001	001	000	019	201	165	042	097	242	108	001	000	000	020	121	066	013	059	232	121	001	000	000	002	014	016	107	233	246	051	001	000	000	003	013	013	076	184	242	082	001	000	000	036	132	057	002	030	235	181	002	000	000	036	214	165	029	061	242	169	003	001	000	006	129	255	232	242	250	073	005	001	
1	001	000	021	031	030	014	000	000	000	000	001	002	105	171	183	084	002	000	000	000	001	000	070	137	250	123	003	000	000	000	000	000	000	043	239	125	003	000	000	000	000	000	002	036	219	133	007	000	000	000	000	000	000	035	215	136	012	003	001	000	000	000	000	040	230	135	010	001	001	000	000	000	000	036	220	137	012	001	001	000	000	000	005	043	220	137	013	001	001	000	000	000	119	205	255	218	152	037	001	000	
7	000	000	000	000	000	000	000	000	000	000	000	000	003	008	008	008	008	007	002	000	000	000	062	143	152	152	152	114	011	000	000	000	051	117	125	143	255	182	011	001	000	000	003	006	011	123	221	065	002	001	000	000	000	000	042	198	109	007	001	000	000	000	000	007	128	218	043	001	001	000	000	000	000	029	206	153	013	001	001	000	000	000	001	056	254	118	003	000	000	000	000	000	002	075	244	082	000	000	000	000	
5	000	000	007	060	078	068	067	054	005	000	000	000	026	212	255	195	195	179	016	000	000	000	027	225	160	040	037	047	005	000	000	000	026	221	167	070	058	020	001	000	000	000	013	129	197	194	228	160	022	000	000	000	004	023	023	021	091	237	076	000	000	000	023	180	095	004	033	225	091	000	000	000	019	193	188	067	101	240	084	000	000	000	001	071	194	215	221	156	020	001	000	000	000	002	028	058	054	016	001	001	
3	000	000	000	001	006	003	000	000	000	000	000	000	023	122	160	151	057	003	001	000	000	007	153	228	148	192	215	052	001	000	000	021	195	121	009	042	220	118	001	000	000	012	076	042	030	111	232	077	001	000	000	000	002	026	167	255	228	031	001	000	002	008	014	012	056	137	236	091	001	000	001	045	179	076	002	028	224	166	002	000	000	037	209	190	073	099	236	130	001	000	000	004	086	247	247	255	208	043	001	000	
9	000	000	000	000	000	000	000	000	000	000	000	000	000	016	077	118	039	003	001	000	000	000	016	166	224	230	217	065	001	000	000	001	065	241	074	032	213	129	006	000	000	000	073	247	054	013	174	142	007	000	000	000	040	213	174	104	222	142	007	000	000	000	003	071	145	165	249	142	007	000	000	000	043	148	037	022	182	142	007	000	000	000	059	237	090	033	208	133	006	000	000	000	014	191	244	218	255	080	002	000	
1	000	000	007	014	014	009	001	000	000	000	000	000	070	151	155	112	017	000	000	000	001	000	045	119	235	224	037	000	001	000	003	000	000	022	181	233	042	001	001	000	001	000	001	020	176	234	042	000	001	000	002	000	001	017	170	234	042	000	000	000	001	000	001	013	152	235	042	000	000	000	000	000	014	061	189	255	089	034	003	000	000	000	042	151	205	223	185	111	008	000	000	000	009	034	037	042	045	027	002	000	
6	004	004	000	013	046	061	042	008	001	000	008	003	017	127	189	187	188	102	009	000	001	000	091	233	130	042	113	222	073	001	000	000	121	245	140	041	054	145	066	001	000	000	121	255	227	186	154	093	013	001	000	000	121	241	138	075	143	226	073	001	000	000	114	237	103	005	065	252	126	002	000	000	052	204	194	098	153	236	090	001	000	000	003	057	140	153	143	097	011	001	000	000	000	001	009	012	006	001	001	000	
2	000	000	000	008	024	021	005	000	000	000	000	000	039	116	152	149	102	014	001	000	000	004	153	234	127	144	246	101	001	000	000	009	151	132	006	021	232	186	002	000	000	002	030	025	019	114	255	146	002	000	000	000	006	060	168	243	184	033	001	000	000	001	082	231	199	097	018	000	000	000	000	013	196	217	040	011	006	002	001	000	000	021	210	247	190	190	183	121	004	000	000	009	078	100	098	102	111	078	004	000	
7	000	000	000	000	000	000	000	000	000	000	000	000	008	018	019	019	019	014	001	000	000	000	086	184	193	200	224	159	006	001	001	000	020	030	031	110	238	110	003	001	001	000	000	000	022	171	150	016	001	000	002	002	000	006	110	227	060	001	000	000	001	000	000	028	197	156	013	000	000	000	001	001	001	059	255	120	002	001	001	000	001	000	003	084	233	075	000	000	000	000	000	000	002	062	129	031	000	000	000	000	
5	000	000	016	031	032	032	029	014	001	000	000	000	110	187	181	179	170	078	001	000	000	003	181	255	138	127	120	056	001	000	001	005	182	233	037	027	011	001	001	000	001	002	164	252	209	210	178	043	001	000	001	003	044	063	063	090	238	184	009	001	002	005	069	066	003	011	214	211	018	001	002	009	190	199	018	020	221	205	011	001	000	003	121	237	181	184	235	103	002	000	000	000	020	082	109	108	073	011	001	000	
9	000	000	000	000	003	005	003	000	000	000	000	000	006	056	108	121	110	053	005	001	000	001	083	204	154	107	157	205	071	003	000	006	131	236	066	005	081	239	112	007	000	003	103	230	135	060	119	251	114	008	001	002	032	106	167	165	194	255	114	008	000	001	062	111	053	039	098	233	115	009	000	000	097	225	110	029	107	233	104	006	000	000	028	119	188	160	181	139	040	001	000	000	000	010	044	057	045	014	002	000	
4	000	000	000	000	011	066	091	016	001	000	000	000	000	002	067	209	223	037	001	000	001	000	000	032	171	255	236	033	001	000	000	000	009	118	213	200	230	035	001	000	000	001	076	213	105	126	225	035	001	000	000	022	176	217	058	143	235	067	008	000	000	039	173	194	143	209	255	145	024	000	000	012	045	054	056	155	239	083	009	000	000	000	000	000	000	115	217	040	001	000	000	000	000	000	000	035	064	013	001	000	
6	000	000	003	031	061	066	040	004	001	000	000	000	061	178	209	220	200	062	001	000	000	005	169	231	073	086	235	166	004	000	000	010	190	211	014	012	148	133	005	000	000	010	191	244	132	102	075	030	001	000	000	010	191	255	183	190	216	078	001	000	000	010	190	212	018	029	220	187	005	000	001	009	187	215	015	017	217	187	005	000	002	003	112	231	161	165	230	095	002	000	001	000	018	086	146	148	088	014	001	000	
9	000	000	000	002	015	028	021	003	001	000	000	000	006	075	149	165	159	095	010	000	000	000	031	225	170	085	161	229	077	000	000	000	039	252	113	008	064	229	117	000	000	000	022	184	199	116	146	243	116	000	000	000	002	053	125	144	196	255	116	000	000	000	027	178	090	015	072	231	119	001	000	000	019	185	160	063	121	232	094	002	000	000	001	062	152	173	177	125	015	001	000	000	000	001	014	038	029	006	001	000	
8	000	000	006	052	097	104	069	013	001	000	000	000	066	214	200	188	233	113	003	000	000	000	158	229	041	024	187	203	011	000	000	000	113	223	061	043	204	182	008	000	000	000	035	231	221	198	255	091	001	000	000	000	106	230	109	093	215	154	009	000	000	001	174	225	017	007	161	211	023	000	000	000	128	235	113	097	219	180	017	001	000	000	016	116	159	166	145	048	002	001	000	000	000	003	011	015	008	000	000	000	
4	000	000	000	000	000	008	058	045	001	000	000	000	000	000	004	084	224	162	002	000	000	000	000	001	062	209	255	168	002	000	000	000	000	024	153	161	218	167	002	000	000	000	009	118	184	053	193	167	002	000	000	000	075	220	156	069	211	187	035	004	000	000	105	198	180	169	237	232	105	009	000	000	009	015	015	023	197	173	012	001	000	000	000	000	000	004	113	097	001	000	000	000	000	000	000	000	009	008	001	000	
2	000	000	000	020	071	085	061	011	001	000	000	000	018	154	234	200	235	117	007	000	000	000	074	236	092	026	143	220	032	000	000	000	045	123	019	010	137	219	030	000	000	000	001	007	045	130	245	150	010	000	000	000	002	064	213	244	141	021	001	000	000	000	045	222	188	060	011	000	000	000	000	000	125	255	118	071	070	056	011	000	000	000	088	201	198	188	188	150	027	000	000	000	010	032	036	036	036	029	006	000	
1	000	000	015	059	066	034	002	000	000	000	000	000	047	189	255	148	011	000	000	000	000	000	011	057	206	166	012	000	000	000	000	000	000	022	189	161	011	000	000	000	000	000	000	019	181	166	012	000	000	000	000	000	000	021	186	168	013	000	000	000	000	000	000	022	192	171	015	000	000	000	000	000	015	084	227	205	078	018	001	000	000	000	045	168	202	194	176	046	001	000	000	000	010	028	028	027	032	007	001	000	
2	000	000	000	024	078	093	070	018	001	000	000	000	021	162	229	184	216	140	021	000	000	000	060	227	087	015	096	249	086	000	000	000	030	067	018	007	094	254	093	000	000	000	000	005	044	126	244	182	024	000	000	000	006	096	211	233	150	045	001	000	000	000	053	237	197	058	012	000	001	000	000	000	130	255	118	066	064	065	034	001	000	000	086	183	198	187	187	176	076	001	000	000	008	024	039	039	039	033	009	000	
6	000	000	000	007	034	051	032	006	001	000	000	000	012	117	178	177	174	107	009	000	000	000	053	236	140	049	124	235	070	000	000	000	067	235	100	024	051	150	053	000	000	000	067	254	207	158	145	092	009	000	000	000	067	245	150	089	156	236	074	001	000	000	065	234	087	002	054	255	109	001	000	000	037	210	183	095	140	231	076	000	000	000	003	060	151	167	153	085	008	000	000	000	000	000	008	014	008	000	000	000	
7	000	001	010	013	011	013	012	004	001	000	000	013	113	154	149	159	144	034	001	000	000	007	072	100	107	214	237	034	001	000	000	000	000	001	080	234	101	005	001	000	000	000	000	021	181	183	022	000	000	000	000	000	000	062	255	113	001	000	000	000	000	000	004	118	223	045	000	000	000	000	000	000	011	200	202	015	000	000	000	000	000	000	007	135	114	004	000	000	000	000	000	000	000	012	010	000	000	000	000	000	
4	000	000	000	000	000	007	009	000	000	000	000	000	000	000	023	106	096	006	000	000	000	000	000	009	113	244	177	013	000	000	000	000	003	077	210	232	177	013	000	000	000	000	052	191	115	160	192	015	001	000	000	026	167	200	047	164	223	043	008	000	000	068	210	219	184	230	255	152	020	000	000	009	026	027	026	154	224	040	003	000	000	000	000	000	000	082	123	011	001	000	000	000	000	000	000	006	013	001	000	000	
9	000	000	002	015	017	007	000	000	000	000	000	009	099	153	156	120	025	000	000	000	001	097	235	120	114	235	124	007	000	000	001	127	237	029	018	210	160	011	000	000	001	082	221	141	112	238	158	010	000	000	000	014	093	144	155	255	163	012	000	000	000	086	177	033	029	214	171	016	000	000	000	076	226	101	090	233	126	006	000	000	000	008	111	163	164	134	029	000	000	000	000	000	003	022	023	008	000	000	000	000	
4	000	000	000	000	000	006	042	036	002	000	000	000	000	000	004	078	201	152	004	000	000	000	000	002	066	210	255	173	003	000	000	000	000	034	176	219	245	179	006	000	000	000	013	133	197	077	207	176	004	000	000	002	102	228	142	059	215	185	022	004	000	007	153	226	201	194	246	237	140	025	000	001	023	037	038	051	212	201	042	006	000	000	000	000	000	010	178	170	010	001	000	000	000	000	000	001	041	040	003	000	
1	000	000	007	032	037	032	005	000	000	000	000	000	030	135	182	160	024	000	000	000	000	000	011	054	168	207	030	000	000	000	000	000	000	006	135	207	030	000	000	000	000	000	000	006	135	207	030	000	000	000	000	000	000	006	136	207	030	000	000	000	000	000	000	008	138	211	034	001	001	000	000	000	018	097	199	255	123	051	001	000	000	000	024	133	152	153	146	073	001	000	000	000	000	002	004	004	002	001	001	000	
5	000	001	028	041	041	036	032	006	001	000	000	010	159	209	152	136	137	029	001	000	001	012	220	213	053	046	051	010	001	000	000	012	220	222	082	073	036	003	001	000	000	008	141	200	193	220	213	059	001	000	000	004	022	018	004	050	255	140	001	000	000	021	182	106	006	033	249	144	001	000	003	015	176	238	117	165	242	081	001	000	003	005	027	135	173	165	090	009	001	000	000	000	000	003	009	006	000	000	000	000	
3	000	000	002	016	035	035	010	000	000	000	000	002	071	166	181	191	142	051	001	000	000	032	198	205	092	114	248	161	011	000	000	041	184	105	011	043	223	175	015	000	000	002	012	010	108	182	255	097	002	000	001	000	002	006	105	175	254	119	009	000	000	036	137	069	005	032	201	203	031	000	000	054	230	183	058	068	224	197	028	000	000	007	095	217	210	209	214	089	005	000	000	000	005	037	062	062	035	005	000	000	
6	000	000	000	001	018	045	033	003	001	000	000	000	000	012	113	215	183	023	001	000	000	000	001	050	209	219	124	013	001	000	000	000	007	141	252	179	070	005	001	000	000	000	018	208	255	206	160	032	001	000	000	000	025	230	212	161	233	085	001	000	000	000	025	227	154	046	217	127	004	001	000	000	019	194	186	109	218	103	008	003	000	000	004	092	218	221	184	036	005	003	000	000	003	016	059	070	043	004	001	001	
5	000	000	000	000	004	005	000	000	000	000	000	000	000	019	059	069	045	004	001	000	000	000	004	104	255	244	176	018	001	000	000	000	007	159	249	140	085	009	001	000	000	000	007	160	248	155	053	004	001	000	000	000	004	084	161	219	183	028	001	000	000	000	004	027	025	147	251	046	001	000	000	000	026	185	199	238	229	031	001	000	000	000	017	109	140	126	075	014	001	000	000	000	001	011	017	013	004	001	001	000	
9	000	000	000	002	008	008	002	000	000	000	000	000	001	037	088	090	049	004	001	001	000	000	012	157	225	219	184	024	003	001	000	000	032	222	134	093	219	049	001	001	000	000	038	224	176	139	225	059	001	000	000	000	015	137	224	255	251	054	001	000	000	000	001	030	102	216	234	038	001	000	000	000	008	131	198	218	117	012	003	000	000	000	004	074	107	078	019	001	001	000	000	000	000	007	009	003	000	000	000	000	
5	000	000	000	003	005	008	006	002	001	000	000	000	002	045	080	096	076	019	001	000	000	000	008	158	245	207	165	031	001	000	000	000	010	184	214	080	029	009	006	000	000	000	007	146	255	203	113	016	009	000	000	000	002	057	139	212	232	034	001	000	000	000	002	024	027	138	241	044	003	000	000	000	025	178	203	232	182	025	002	000	000	000	014	111	139	114	054	005	001	000	000	000	001	011	016	010	002	000	000	000	
3	000	000	000	001	006	006	003	000	000	000	000	000	001	041	085	085	066	008	001	000	000	000	006	121	224	236	233	046	001	000	000	000	001	035	107	174	244	071	001	000	000	000	000	009	114	255	244	055	001	000	000	000	000	007	082	171	235	093	001	000	000	000	000	018	025	048	222	145	002	000	000	000	007	131	203	208	236	074	001	000	000	000	007	074	135	147	098	013	001	000	000	000	001	007	016	018	008	000	000	000	
8	000	000	000	000	005	006	003	000	000	000	000	000	000	022	078	087	061	009	001	000	000	000	009	127	246	234	223	048	001	000	000	000	018	210	206	123	233	072	003	000	000	000	008	159	237	180	231	063	006	000	000	000	014	172	255	234	246	074	002	000	000	000	024	230	183	109	238	129	002	000	000	000	017	196	240	216	249	110	001	000	000	000	003	064	144	173	114	033	001	000	000	000	000	003	018	025	011	001	001	000	
4	000	000	000	000	000	003	004	002	004	000	000	000	000	000	004	048	063	005	001	000	000	000	000	001	047	187	212	020	001	000	000	000	000	017	148	255	222	024	004	000	000	000	002	070	193	210	214	030	007	000	000	000	015	160	185	172	217	054	002	000	000	000	028	208	225	228	241	105	003	000	000	000	010	068	080	147	213	054	001	000	000	000	000	002	002	058	119	017	001	000	000	000	000	000	000	007	017	002	001	000	
6	000	000	000	000	000	002	002	000	000	000	000	000	000	005	035	064	060	006	001	000	000	000	001	047	184	238	184	017	001	000	000	000	011	147	248	175	068	003	001	000	000	000	030	231	255	209	137	019	001	007	000	000	041	232	174	174	236	060	002	019	000	000	038	226	114	061	219	078	001	010	000	000	025	218	236	211	216	047	003	000	000	000	006	078	162	153	086	010	001	000	000	000	000	005	023	020	007	000	000	000	
1	000	000	000	000	000	004	004	000	000	000	000	000	000	002	015	067	061	005	000	000	000	000	000	019	106	241	187	020	000	000	000	000	000	028	164	255	198	027	000	000	000	000	000	006	043	195	193	022	000	000	000	000	000	000	014	168	189	018	000	000	000	000	000	000	013	159	190	020	000	000	000	000	000	000	009	122	181	018	000	000	000	000	000	000	003	046	071	008	000	000	000	000	000	000	000	003	008	003	000	000	
4	000	000	000	000	003	038	043	004	001	000	000	000	000	000	027	154	176	017	001	000	000	000	000	008	101	242	218	025	001	000	000	000	000	044	204	255	214	023	001	000	000	000	006	091	209	179	209	024	001	000	000	000	018	164	193	150	224	057	004	001	000	000	031	217	228	218	252	113	008	001	000	000	028	146	185	217	244	107	002	001	000	000	002	013	019	104	171	028	001	000	000	000	000	000	000	029	062	014	001	000	
7	000	000	000	009	007	006	007	002	001	000	000	000	007	070	087	085	085	030	002	000	000	000	017	177	217	253	255	071	006	000	000	000	001	034	062	199	208	030	003	000	000	000	000	001	063	224	096	003	001	000	000	000	000	010	136	231	052	000	000	000	000	000	000	030	206	170	017	000	000	000	000	000	000	046	245	137	006	000	000	000	000	000	000	022	114	061	001	000	000	000	000	000	000	002	011	006	000	000	000	000	
1	000	000	000	000	001	014	006	000	000	000	000	000	000	003	035	099	042	001	000	000	000	000	000	035	174	255	090	003	000	000	000	000	001	059	202	250	099	004	000	000	000	000	000	013	063	201	095	003	000	000	000	000	000	000	030	184	100	004	000	000	000	000	000	000	035	186	091	003	000	000	000	000	000	003	026	174	090	003	000	000	000	000	000	001	011	067	040	001	000	000	000	000	000	000	001	005	003	000	000	000	
3	000	000	002	010	015	007	002	000	000	000	000	000	024	087	096	086	032	001	000	000	000	000	050	181	194	228	131	009	001	000	000	000	012	066	104	206	178	016	001	000	000	000	002	060	216	255	160	015	001	000	000	000	000	035	131	209	203	027	001	000	000	000	010	024	029	155	228	032	001	000	000	000	098	183	188	220	171	018	001	000	000	000	054	123	138	118	054	003	001	000	000	000	004	015	020	020	005	000	000	000	
2	000	000	005	045	073	054	015	000	000	000	000	000	027	203	250	243	093	003	000	000	001	002	026	176	170	222	179	015	001	000	002	006	003	023	020	151	217	023	001	000	001	001	001	002	062	217	147	009	000	000	000	003	003	026	179	213	047	001	000	000	000	001	007	118	219	093	011	000	000	000	000	000	017	216	252	199	150	021	001	000	000	000	026	210	255	254	210	034	001	000	000	000	005	039	059	060	042	006	001	000	
4	000	000	000	000	000	002	001	000	000	000	000	000	000	000	014	055	042	003	000	000	000	000	000	006	092	218	148	012	001	000	000	000	000	033	187	255	123	010	001	000	000	000	007	117	219	230	118	008	001	000	000	000	030	205	174	187	131	010	001	000	000	000	063	229	219	226	206	036	001	000	000	002	036	119	153	225	207	034	001	000	000	000	004	017	035	161	140	012	001	000	000	000	000	000	001	038	033	002	000	000	
4	000	000	000	000	001	007	005	000	000	000	000	000	000	000	019	075	056	003	000	000	000	000	001	006	092	222	165	014	001	000	000	000	003	037	189	255	168	017	001	000	000	000	006	099	204	210	151	011	001	000	000	000	025	171	135	162	159	019	001	000	000	000	041	216	201	223	210	053	001	000	000	000	020	098	102	189	199	037	001	000	000	000	003	011	014	136	123	010	001	000	000	000	000	000	001	024	020	001	000	000	
5	000	000	000	001	008	012	008	002	001	000	000	000	000	018	086	093	079	024	001	000	000	000	001	067	239	212	180	041	001	000	001	002	004	079	228	111	046	015	002	000	001	004	006	075	255	192	094	010	001	000	000	000	001	042	153	202	206	036	001	000	000	000	000	009	020	074	215	081	003	000	000	000	006	099	144	152	221	063	002	000	000	000	014	163	234	231	139	017	001	000	000	000	003	040	062	060	029	003	002	000	
2	000	000	000	001	006	008	004	000	000	000	000	000	001	034	082	088	051	003	000	000	000	000	010	135	225	229	167	016	001	000	000	000	006	103	108	150	210	030	001	000	000	000	000	002	012	144	206	024	001	000	000	000	000	013	099	207	131	012	001	000	000	000	001	060	226	172	029	001	001	000	000	000	016	149	255	168	090	017	001	000	000	000	015	172	247	229	207	078	001	000	000	000	002	040	064	064	064	026	001	000	
9	000	000	001	003	009	009	001	000	000	000	000	000	011	062	081	077	025	000	000	000	001	002	054	220	214	223	123	009	001	000	000	000	128	227	087	145	203	028	001	000	000	000	131	225	087	148	234	059	001	000	000	000	069	230	220	239	244	053	001	000	002	002	018	100	170	255	220	030	001	000	001	001	014	083	173	243	116	010	001	000	001	000	034	191	212	131	027	000	000	000	000	000	010	064	052	017	001	000	000	000	
1	000	000	000	000	003	045	047	003	000	000	000	000	000	011	066	179	149	010	000	000	000	000	000	044	219	255	187	015	001	000	000	000	000	025	129	208	189	017	001	000	000	000	000	000	009	158	166	012	000	000	000	000	000	000	011	161	146	010	000	000	000	000	000	000	007	159	179	015	001	000	000	000	000	000	015	163	179	014	001	000	000	000	000	000	007	066	062	004	000	000	000	000	000	000	000	005	004	000	000	000	
6	000	000	000	000	005	008	005	000	000	000	000	000	000	008	063	095	064	005	000	000	000	000	002	064	209	218	147	012	001	000	000	000	017	168	226	103	036	002	000	000	000	000	041	247	255	191	121	009	001	000	000	000	047	235	179	210	231	028	001	000	000	000	046	219	076	088	223	047	001	000	000	000	030	217	188	187	214	033	003	000	000	000	008	114	238	240	112	008	001	000	000	000	000	015	051	054	016	000	000	000	
5	000	000	000	005	009	007	006	000	000	000	001	000	000	030	090	092	082	013	001	000	002	002	003	103	254	222	193	032	001	000	001	002	010	137	223	087	045	005	001	000	000	003	011	130	255	167	047	003	003	000	000	000	003	077	180	245	176	026	005	000	000	000	000	011	030	110	231	045	001	000	000	000	014	132	129	172	237	041	001	000	000	000	023	199	246	253	136	014	001	000	000	000	005	051	072	068	021	000	000	000	
2	000	000	000	010	034	028	008	000	000	000	000	000	006	091	190	177	077	006	001	000	000	000	016	187	209	226	211	025	001	000	000	000	007	068	039	125	228	036	001	000	000	000	000	001	036	183	191	022	001	000	000	000	000	018	135	220	092	004	000	000	001	000	003	098	207	112	021	001	000	000	003	006	013	196	255	198	160	031	001	000	001	002	010	152	193	211	176	038	001	000	000	000	001	023	034	039	030	007	001	000	
4	000	000	000	000	000	017	019	006	001	000	000	000	000	000	014	114	125	021	001	000	000	000	000	002	069	218	224	029	002	001	000	000	000	027	156	255	228	029	003	001	000	001	006	084	208	193	216	028	001	001	000	002	018	159	193	159	223	043	002	000	000	000	035	219	234	233	249	123	004	000	000	000	014	076	088	154	224	078	002	000	000	000	000	003	005	065	149	027	002	000	000	000	000	000	001	011	024	004	001	000	
6	000	000	000	000	005	015	012	000	000	000	000	000	000	016	076	120	092	006	000	000	001	000	011	106	224	197	140	012	001	000	000	001	054	222	205	095	038	002	001	000	000	001	118	255	251	224	134	019	001	000	000	003	148	234	143	188	227	046	001	000	000	002	129	215	039	105	225	052	001	000	000	000	055	214	194	213	213	038	001	000	000	000	010	108	223	207	131	016	001	000	000	000	000	013	041	036	019	001	001	000	
3	000	000	000	008	019	015	004	000	000	000	000	000	006	078	140	123	062	005	001	000	000	000	017	164	200	231	200	024	001	000	000	000	002	032	076	187	178	018	001	000	000	000	000	026	169	255	165	014	001	000	000	000	000	022	123	201	212	029	001	000	000	000	001	017	012	092	214	044	001	000	000	000	019	162	168	204	215	035	001	000	000	000	025	200	230	229	110	010	001	000	000	000	004	037	044	042	013	000	000	000	
5	001	001	010	018	018	018	016	003	001	000	000	001	089	163	119	116	096	012	001	000	001	001	160	240	071	062	050	006	001	000	000	001	160	245	086	062	018	001	001	000	000	001	119	234	225	231	166	027	001	000	001	001	019	022	015	067	255	125	001	000	000	001	001	001	000	009	200	175	001	000	000	004	042	022	016	062	228	108	001	000	000	007	144	172	166	194	154	021	001	000	000	001	040	068	070	053	013	001	000	000	
3	001	001	013	046	062	039	007	001	000	000	000	006	096	172	181	186	122	013	001	000	000	004	057	057	034	105	255	052	001	000	000	001	001	009	013	056	235	053	001	000	000	000	004	060	119	213	149	014	001	000	001	000	003	040	095	150	192	037	001	000	000	001	001	001	001	021	239	077	001	000	000	006	036	019	014	054	245	064	001	000	000	011	116	158	158	186	162	020	001	000	000	003	030	064	067	056	017	001	000	000	
7	000	009	035	042	042	042	041	021	001	000	000	037	155	192	192	200	210	091	001	000	000	015	063	078	080	169	255	077	001	000	000	000	000	001	032	202	199	022	001	000	000	000	000	001	078	246	103	005	000	000	000	001	000	012	151	228	040	001	000	000	000	000	001	041	221	160	016	000	000	000	000	000	005	118	243	076	001	000	000	000	000	000	010	179	183	021	000	000	000	000	000	000	004	047	037	001	000	000	000	000	
6	001	000	001	006	038	069	050	009	001	000	000	001	015	120	161	180	157	040	001	000	001	001	098	224	075	023	038	018	001	000	000	010	220	147	076	082	048	006	001	000	000	022	255	251	191	195	227	082	001	000	001	021	254	182	016	013	157	218	012	000	000	009	229	119	004	003	097	248	015	000	000	001	132	224	066	057	188	166	006	000	000	001	021	136	132	132	149	026	001	000	000	000	001	006	021	023	010	001	000	000	
1	002	002	011	023	030	018	002	000	000	000	000	007	135	195	181	083	002	000	000	000	000	005	092	129	186	104	000	000	000	000	000	002	002	018	143	104	000	000	000	000	000	000	000	016	143	104	000	000	000	000	002	002	000	016	143	104	000	000	000	000	000	002	002	016	143	104	002	002	000	000	000	004	066	120	223	191	097	018	002	000	000	007	145	236	255	248	211	046	002	000	000	002	019	028	028	028	027	009	002	000	
9	001	001	005	033	061	041	008	001	000	000	000	004	080	158	156	164	091	006	001	000	001	024	189	100	018	075	207	039	001	000	000	048	206	045	001	015	216	071	001	000	000	027	200	098	012	070	247	076	001	000	001	004	109	200	169	166	255	076	001	000	000	001	010	050	064	066	222	058	001	000	000	001	040	042	048	139	171	021	001	000	000	001	081	108	115	147	044	003	001	000	000	001	009	019	019	010	001	000	000	000	
5	000	001	028	050	049	049	046	011	000	000	000	004	117	232	205	203	194	040	000	000	000	004	133	240	098	081	073	016	000	000	001	004	133	255	150	121	040	007	000	000	000	004	114	235	215	248	243	077	003	000	000	001	035	045	035	080	254	202	008	000	000	000	000	000	000	011	185	240	011	000	000	016	074	072	064	104	254	170	007	000	000	027	179	220	207	224	166	049	003	000	000	001	029	052	052	048	016	000	000	000	
9	001	001	003	023	051	033	005	001	000	000	000	003	064	154	145	158	085	007	001	000	001	015	196	133	027	088	215	036	001	000	000	051	223	052	001	014	229	086	001	000	000	042	228	070	003	030	255	174	003	000	000	008	130	196	127	160	248	175	003	000	000	001	015	089	089	088	223	092	001	000	000	001	010	010	012	078	221	048	001	000	000	001	093	169	177	207	108	010	001	000	000	001	045	095	099	063	010	001	000	000	
8	001	001	003	022	055	052	018	001	000	000	000	001	056	170	175	185	163	025	001	000	001	009	203	169	044	062	233	127	001	000	000	009	221	130	012	018	202	154	001	000	000	001	099	248	165	172	202	046	001	000	001	003	122	215	173	175	193	049	001	000	000	022	233	101	009	012	135	194	009	000	000	027	237	110	007	012	162	216	010	000	000	004	135	251	187	196	255	087	001	000	000	001	016	085	105	108	074	010	001	000	
6	000	000	001	005	033	048	030	005	001	000	000	001	005	079	168	142	141	036	001	000	000	001	060	185	092	030	060	024	001	000	001	008	163	143	044	052	023	003	001	000	000	019	232	157	157	185	157	034	001	000	000	020	255	207	040	031	195	109	004	000	000	016	227	156	001	001	119	187	010	000	000	005	133	167	011	010	168	134	005	000	000	001	035	168	166	158	173	055	001	000	000	000	003	041	089	087	043	004	001	000	
8	002	002	003	027	068	065	023	002	002	000	000	002	061	182	189	182	176	037	002	000	002	008	215	173	032	037	242	158	002	000	000	008	216	139	019	031	228	161	002	000	000	002	052	236	157	194	255	052	002	000	002	005	134	182	126	142	229	123	002	000	000	027	255	094	005	006	136	245	013	000	000	016	249	157	023	029	173	207	010	000	000	003	108	205	182	192	219	060	002	000	000	002	005	032	074	076	037	005	002	000	
6	000	000	000	010	053	069	028	002	000	000	002	002	007	127	207	189	128	007	000	000	000	002	084	237	089	031	056	005	000	000	000	005	161	188	076	072	016	002	000	000	000	012	201	255	212	229	148	010	000	000	002	013	232	240	025	048	245	058	002	000	000	007	181	169	005	018	219	102	002	000	000	003	114	201	033	072	245	049	002	000	000	002	018	165	189	199	141	008	000	000	000	000	002	018	071	059	012	000	000	000	
3	001	001	010	037	061	060	026	003	001	000	000	001	064	147	161	172	170	070	003	000	000	001	036	051	021	031	154	212	011	000	000	001	001	004	011	024	128	205	011	000	000	000	001	026	104	170	251	071	001	000	001	000	001	019	077	113	182	162	013	000	000	001	001	001	000	003	070	255	046	000	000	004	043	027	014	026	124	222	027	000	000	007	098	155	157	172	182	078	003	000	000	001	016	057	067	067	028	003	001	000	
4	000	000	001	000	003	016	014	001	000	000	000	000	000	001	040	149	097	006	000	000	001	000	001	015	114	242	154	010	000	000	000	001	006	085	134	168	149	010	000	000	000	001	059	159	035	151	149	010	000	000	001	015	153	088	011	155	153	015	001	000	000	029	192	198	186	251	255	141	009	000	000	006	028	033	033	170	174	034	003	000	000	001	001	001	001	088	095	008	001	000	000	000	000	000	000	009	011	001	000	000	
8	000	000	002	010	026	028	010	002	000	000	000	002	028	145	128	146	143	024	002	000	000	003	104	250	062	076	255	099	002	000	002	003	107	227	028	029	226	110	003	000	000	002	042	232	184	174	190	029	002	000	000	003	101	226	133	127	210	075	002	000	000	010	226	151	005	006	180	188	008	000	000	006	161	213	049	049	237	120	003	000	000	002	039	177	133	132	156	032	002	000	000	000	002	011	031	031	010	002	000	000	
3	000	002	005	015	021	018	006	002	000	000	000	003	072	152	118	148	139	027	002	000	000	002	051	098	059	097	255	104	003	000	000	002	002	003	006	027	232	115	003	000	000	000	002	053	131	183	229	048	002	000	000	000	002	051	130	167	217	089	003	000	000	002	002	002	002	011	178	226	009	000	000	005	056	026	011	035	214	211	009	000	000	009	133	181	174	190	199	056	002	000	000	002	021	071	078	069	024	003	002	000	
1	001	000	001	004	009	014	004	000	000	000	000	001	017	119	146	126	022	000	000	000	000	001	020	108	172	214	038	000	000	000	000	001	002	006	102	207	038	000	000	000	000	000	000	001	099	207	038	000	000	000	000	000	000	001	099	207	038	000	000	000	000	000	000	001	099	207	038	000	000	000	000	001	006	026	120	224	064	021	002	000	000	001	030	153	210	255	189	127	009	000	000	001	010	057	064	064	064	047	004	000	
7	000	009	086	120	120	120	119	076	001	000	000	032	171	221	221	226	255	153	002	000	000	010	044	054	054	120	230	093	001	000	000	000	000	001	008	144	195	024	001	000	000	000	000	001	050	205	127	008	000	000	000	000	000	008	110	221	069	002	000	000	000	000	000	024	179	179	025	000	000	000	000	000	002	059	220	117	011	000	000	000	000	000	007	129	199	046	001	000	000	000	000	000	005	081	082	009	000	000	000	000	
2	000	001	017	061	118	119	066	018	001	000	000	001	065	192	202	198	216	109	001	000	000	001	023	060	038	037	165	199	028	000	000	000	000	000	001	010	138	207	035	000	000	000	000	001	000	059	207	136	003	000	000	001	000	001	037	166	188	040	001	000	000	000	001	036	169	194	058	003	000	000	000	001	032	168	225	106	047	037	009	000	000	001	104	255	247	218	217	176	036	000	000	001	032	115	127	127	127	097	011	000	
6	000	000	004	033	101	127	089	026	001	000	000	001	043	181	212	200	201	089	004	000	000	005	134	219	078	034	046	027	001	000	001	015	199	179	115	114	062	007	000	000	000	053	250	249	202	187	216	081	002	000	000	054	255	199	041	032	207	174	007	000	000	043	233	161	004	007	154	192	008	000	000	008	166	200	048	048	206	168	006	000	000	002	061	197	200	206	219	076	002	000	000	000	005	042	112	129	072	008	000	000	
6	001	000	001	015	054	068	052	007	001	000	000	001	020	144	182	168	154	021	001	000	001	006	148	176	056	017	030	007	001	000	000	017	227	116	076	079	042	004	001	000	000	039	244	197	168	185	206	042	001	000	001	038	255	137	010	015	172	147	003	000	000	015	224	092	003	006	144	193	003	000	000	003	127	186	054	070	230	107	001	000	000	001	023	139	120	132	120	015	001	000	000	000	001	008	021	018	006	001	000	000	
2	000	001	022	052	068	068	052	017	001	000	000	001	121	211	215	213	225	121	001	000	000	001	057	078	051	052	185	233	042	000	000	000	000	001	001	012	152	241	052	000	000	000	000	001	010	096	231	152	004	000	001	001	001	010	092	220	165	037	001	000	000	001	012	102	231	185	041	001	000	000	000	001	097	255	243	126	086	071	017	000	000	001	116	198	195	190	190	162	046	000	000	001	016	026	026	026	026	024	009	000	
8	000	001	004	042	072	066	027	003	000	000	000	001	060	201	186	180	176	040	001	000	000	006	169	207	024	034	237	127	003	000	001	004	145	192	034	046	212	098	003	000	000	001	057	230	157	186	177	022	001	000	000	009	158	191	067	084	197	081	003	000	000	021	255	085	001	006	207	146	004	000	000	015	216	191	052	067	234	125	004	000	000	001	054	174	124	143	154	031	001	000	000	000	001	012	022	022	009	001	000	000	
4	000	000	001	000	000	002	005	001	001	000	000	000	000	001	002	070	117	021	001	000	000	000	001	001	046	181	248	042	001	000	000	000	001	017	113	121	214	042	001	000	000	001	007	091	127	043	207	042	001	000	001	001	041	156	042	030	208	043	001	000	000	008	150	144	095	099	231	122	029	000	000	007	113	161	161	176	255	168	051	000	000	001	002	002	002	029	202	042	001	000	000	000	000	000	000	009	059	013	001	000	
1	000	001	038	078	140	059	000	000	000	000	000	001	140	215	255	119	000	000	000	000	000	001	045	069	185	121	000	000	000	000	000	000	001	020	172	121	000	000	000	000	000	000	000	020	172	121	000	000	000	000	001	001	000	020	172	121	000	000	000	000	000	001	006	026	172	126	007	001	000	000	000	001	079	136	215	198	120	043	001	000	000	001	111	180	185	185	176	090	001	000	000	001	013	020	022	022	020	013	001	000	
9	000	001	012	077	103	096	044	004	001	000	000	003	078	243	196	198	198	046	001	000	000	013	212	139	007	018	203	158	006	000	001	018	254	100	001	003	165	237	010	000	000	009	172	192	044	056	243	255	010	000	000	001	040	171	174	165	228	243	010	000	000	001	003	021	050	053	190	183	007	000	000	001	031	096	075	128	226	072	001	000	000	001	043	171	156	171	071	006	001	000	000	001	003	015	019	010	001	000	000	000	
5	001	001	068	131	137	137	132	072	001	000	000	001	144	255	216	212	204	107	001	000	001	001	153	220	058	050	044	020	001	000	000	001	152	238	152	152	112	026	001	000	000	001	090	140	121	157	235	148	015	000	001	001	001	001	001	023	150	222	055	000	000	003	011	008	001	009	121	228	064	000	000	028	122	116	069	109	216	181	028	000	000	018	130	201	192	199	155	055	001	000	000	001	015	036	041	037	018	002	000	000	
8	001	001	015	075	096	093	031	001	000	000	000	004	126	255	214	235	180	021	001	000	001	013	241	138	015	042	255	067	001	000	000	013	214	112	013	042	237	060	001	000	000	001	067	240	159	211	172	018	001	000	001	009	153	208	145	151	198	037	001	000	000	045	237	075	003	016	204	132	001	000	000	048	241	067	003	016	199	142	003	000	000	009	148	213	148	178	232	048	001	000	000	001	019	106	126	115	060	006	001	000	
7	000	001	039	084	088	088	088	069	011	000	000	001	096	219	233	233	255	243	025	000	000	001	017	037	040	050	205	179	006	000	000	000	000	001	001	044	245	070	001	000	000	000	000	001	004	135	204	021	001	000	000	000	000	001	022	208	109	004	001	000	000	000	000	003	098	226	052	001	000	000	000	000	001	017	178	175	014	001	000	000	000	000	001	054	233	092	001	000	000	000	000	000	001	021	069	017	000	000	000	000	
9	000	001	008	054	082	070	019	001	000	000	000	003	083	193	183	190	131	017	001	000	000	015	208	118	012	045	204	065	001	000	001	021	228	054	001	009	186	109	003	000	000	018	217	094	004	026	214	132	004	000	000	006	119	209	123	154	255	132	004	000	000	001	014	073	088	079	204	114	004	000	001	001	006	008	010	055	210	065	001	000	000	001	050	150	156	193	126	013	001	000	000	001	027	106	119	088	021	001	000	000	